$ 1 1e-8 10.634267539816555 43 2 50 5e-11
t 528 112 576 112 0 1 -8.236657576871913 -3.2366575968769 100 default
v 96 240 96 96 0 1 15000 0.5 0.5 0 0.5
209 208 96 96 96 0 0.000001 4.369202677227087 0.001 1
209 416 112 528 112 0 0.000001 4.2508147075429505 0.001 1
r 208 96 208 240 0 470000
v 0 240 0 32 0 0 40 5 0 0 0.5
g 96 240 96 272 0 0
w 0 240 96 240 0
w 96 240 208 240 0
t 208 96 272 96 0 -1 3.749790353455433 -0.2360525358785166 100 default
w 0 32 272 32 0
w 272 32 272 80 0
w 272 112 416 112 0
r 416 112 416 240 0 4700
w 208 240 416 240 0
r 528 112 528 240 0 15000
w 416 240 528 240 0
w 576 128 576 240 0
w 576 240 528 240 0
w 272 32 576 32 0
r 576 32 576 96 0 1500
w 576 96 672 96 0
w 576 240 672 240 0
p 672 96 672 240 3 0 0
165 912 64 1072 64 6 0
w 576 32 896 32 0
w 1040 96 1040 32 0
w 1040 32 976 32 0
r 896 32 896 96 0 27000
c 896 192 896 320 0 1e-9 0.001851166234727878 0.001
w 912 96 896 96 0
w 896 96 896 192 0
w 896 192 912 192 0
w 896 320 672 320 0
w 896 320 928 320 0
w 1008 240 1008 224 0
w 672 96 768 96 0
w 768 96 768 160 0
w 768 160 912 160 0
p 1056 128 1056 320 3 0 0
w 1056 128 1040 128 0
w 1056 320 1008 320 0
r 928 240 928 320 0 2200
c 976 240 976 320 0 1e-8 1.3253012048185537 0.001
w 672 240 672 320 0
w 928 240 976 240 0
w 976 224 976 240 0
w 1008 240 1008 320 0
w 928 320 976 320 0
w 976 320 1008 320 0
w 896 32 976 32 0
207 768 160 768 208 4 ~TRIGGER
207 1296 160 1248 160 4 ~TRIGGER
165 1296 64 1456 64 6 0
w 1040 32 1136 32 0
w 1392 224 1392 320 0
w 1056 320 1184 320 0
r 1280 32 1280 96 0 33000
c 1280 192 1280 320 0 1e-9 0.0015146925174189638 0.001
w 1280 96 1296 96 0
w 1280 192 1280 96 0
w 1296 192 1280 192 0
w 1424 96 1424 32 0
w 1360 32 1280 32 0
w 1360 32 1424 32 0
p 1440 128 1440 320 3 0 0
w 1424 128 1440 128 0
w 1440 320 1392 320 0
w 1280 320 1360 320 0
r 1184 32 1184 208 0 75500
S 1264 224 1184 224 0 0 false 0 3
w 1264 224 1360 224 0
r 1136 32 1136 224 0 38170
w 1136 224 1184 224 0
w 1184 240 1184 320 0
w 1280 320 1184 320 0
w 1136 32 1184 32 0
w 1184 32 1280 32 0
w 1392 320 1360 320 0
o 1 64 0 4099 2.5 0.000390625 0 2 1 3
o 23 64 0 4098 10 0.1 1 1
o 39 64 0 4098 5 0.1 2 2 65 0
